01111100000000000100001010100110
10010011110000011111111111111000
10010011111000011111111111111100
10010000000000010000000000001000
10010100001000011111111110100000
00111000010000000000000000000011
01111111111000000100001010100110
10010011111000110000000000000100
00111000011000110000000000001000
01001000000000000010000001000001
00101111100000100000000000000001
01000001100001110010000001110000
00111000101000101111111111111111
10010000010000110000000000000000
01111111111000000100001010100110
01111100101000100010101101111000
10010011111000110000000000000100
00111000011000110000000000001000
01001000000000000010000001000001
00101111100000100000000000000001
01000001100001110010000001110000
00111000101000101111111111111111
10010000010000110000000000000000
01111111111000000100001010100110
01111100101000100010101101111000
10010011111000110000000000000100
00111000011000110000000000001000
01001000000000000010000001000001
00101111100000100000000000000001
01000001100001110010000001110000
01001110100000000000000000100000
00111000011000111111111111111000
10000011111000110000000000000100
01111111111000000100001110100110
10000000101000110000000000000000
00111000101001011111111111111110
10010000010000110000000000000100
01111111111000000100001010100110
01111100101000100010101101111000
10010011111000110000000000001100
00111000011000110000000000010000
01001000000000000010000001000001
00101111100000100000000000000001
01000001100001110010000001110000
01001110100000000000000000100000
00111000011000111111111111110000
10000011111000110000000000001100
01111111111000000100001110100110
10000000101000110000000000000100
01111100010001010001001000010100
01001110100000000000000000100000
00111000011000111111111111111000
10000011111000110000000000000100
01111111111000000100001110100110
10000000101000110000000000000000
00111000101001011111111111111110
10010000010000110000000000000100
01111111111000000100001010100110
01111100101000100010101101111000
10010011111000110000000000001100
00111000011000110000000000010000
01001000000000000010000001000001
00101111100000100000000000000001
01000001100001110010000001110000
01001110100000000000000000100000
00111000011000111111111111110000
10000011111000110000000000001100
01111111111000000100001110100110
10000000101000110000000000000100
01111100010001010001001000010100
01001110100000000000000000100000
00111000011000111111111111111000
10000011111000110000000000000100
01111111111000000100001110100110
01111111111000000100001010100110
01111111111000000100001110100110
10000000001000010000000000000000
10000000000000010000000000001000
01111100000000000100001110100110
10000011110000011111111111111000
10000011111000011111111111111100
01001110100000000000000000100000
2
