2172 mfspr 0 8 0
2176 stw 30 -8 1
2180 stw 31 -4 1
2184 stw 0 8 1
2188 stwu 1 -96 1
2192 addi 2 0 5
2196 mfspr 31 8 0
2200 stw 31 4 3
2204 addi 3 3 8
2208 bl 2064 0 0
2064 cmpwi 7 2 1
2068 bgt 7 2076 0
2076 addi 5 2 -1
2080 stw 2 0 3
2084 mfspr 31 8 0
2088 mr 2 5 0
2092 stw 31 4 3
2096 addi 3 3 8
2100 bl 2064 0 0
2064 cmpwi 7 2 1
2068 bgt 7 2076 0
2076 addi 5 2 -1
2080 stw 2 0 3
2084 mfspr 31 8 0
2088 mr 2 5 0
2092 stw 31 4 3
2096 addi 3 3 8
2100 bl 2064 0 0
2064 cmpwi 7 2 1
2068 bgt 7 2076 0
2076 addi 5 2 -1
2080 stw 2 0 3
2084 mfspr 31 8 0
2088 mr 2 5 0
2092 stw 31 4 3
2096 addi 3 3 8
2100 bl 2064 0 0
2064 cmpwi 7 2 1
2068 bgt 7 2076 0
2076 addi 5 2 -1
2080 stw 2 0 3
2084 mfspr 31 8 0
2088 mr 2 5 0
2092 stw 31 4 3
2096 addi 3 3 8
2100 bl 2064 0 0
2064 cmpwi 7 2 1
2068 bgt 7 2076 0
2072 blr 0 0 0
2104 addi 3 3 -8
2108 lwz 31 4 3
2112 mtspr 8 31 0
2116 lwz 5 0 3
2120 addi 5 5 -2
2124 stw 2 4 3
2128 mfspr 31 8 0
2132 mr 2 5 0
2136 stw 31 12 3
2140 addi 3 3 16
2144 bl 2064 0 0
2064 cmpwi 7 2 1
2068 bgt 7 2076 0
2072 blr 0 0 0
2148 addi 3 3 -16
2152 lwz 31 12 3
2156 mtspr 8 31 0
2160 lwz 5 4 3
2164 add 2 5 2
2168 blr 0 0 0
2104 addi 3 3 -8
2108 lwz 31 4 3
2112 mtspr 8 31 0
2116 lwz 5 0 3
2120 addi 5 5 -2
2124 stw 2 4 3
2128 mfspr 31 8 0
2132 mr 2 5 0
2136 stw 31 12 3
2140 addi 3 3 16
2144 bl 2064 0 0
2064 cmpwi 7 2 1
2068 bgt 7 2076 0
2072 blr 0 0 0
2148 addi 3 3 -16
2152 lwz 31 12 3
2156 mtspr 8 31 0
2160 lwz 5 4 3
2164 add 2 5 2
2168 blr 0 0 0
2104 addi 3 3 -8
2108 lwz 31 4 3
2112 mtspr 8 31 0
2116 lwz 5 0 3
2120 addi 5 5 -2
2124 stw 2 4 3
2128 mfspr 31 8 0
2132 mr 2 5 0
2136 stw 31 12 3
2140 addi 3 3 16
2144 bl 2064 0 0
2064 cmpwi 7 2 1
2068 bgt 7 2076 0
2076 addi 5 2 -1
2080 stw 2 0 3
2084 mfspr 31 8 0
2088 mr 2 5 0
2092 stw 31 4 3
2096 addi 3 3 8
2100 bl 2064 0 0
2064 cmpwi 7 2 1
2068 bgt 7 2076 0
2072 blr 0 0 0
2104 addi 3 3 -8
2108 lwz 31 4 3
2112 mtspr 8 31 0
2116 lwz 5 0 3
2120 addi 5 5 -2
2124 stw 2 4 3
2128 mfspr 31 8 0
2132 mr 2 5 0
2136 stw 31 12 3
2140 addi 3 3 16
2144 bl 2064 0 0
2064 cmpwi 7 2 1
2068 bgt 7 2076 0
2072 blr 0 0 0
2148 addi 3 3 -16
2152 lwz 31 12 3
2156 mtspr 8 31 0
2160 lwz 5 4 3
2164 add 2 5 2
2168 blr 0 0 0
2148 addi 3 3 -16
2152 lwz 31 12 3
2156 mtspr 8 31 0
2160 lwz 5 4 3
2164 add 2 5 2
2168 blr 0 0 0
2104 addi 3 3 -8
2108 lwz 31 4 3
2112 mtspr 8 31 0
2116 lwz 5 0 3
2120 addi 5 5 -2
2124 stw 2 4 3
2128 mfspr 31 8 0
2132 mr 2 5 0
2136 stw 31 12 3
2140 addi 3 3 16
2144 bl 2064 0 0
2064 cmpwi 7 2 1
2068 bgt 7 2076 0
2076 addi 5 2 -1
2080 stw 2 0 3
2084 mfspr 31 8 0
2088 mr 2 5 0
2092 stw 31 4 3
2096 addi 3 3 8
2100 bl 2064 0 0
2064 cmpwi 7 2 1
2068 bgt 7 2076 0
2076 addi 5 2 -1
2080 stw 2 0 3
2084 mfspr 31 8 0
2088 mr 2 5 0
2092 stw 31 4 3
2096 addi 3 3 8
2100 bl 2064 0 0
2064 cmpwi 7 2 1
2068 bgt 7 2076 0
2072 blr 0 0 0
2104 addi 3 3 -8
2108 lwz 31 4 3
2112 mtspr 8 31 0
2116 lwz 5 0 3
2120 addi 5 5 -2
2124 stw 2 4 3
2128 mfspr 31 8 0
2132 mr 2 5 0
2136 stw 31 12 3
2140 addi 3 3 16
2144 bl 2064 0 0
2064 cmpwi 7 2 1
2068 bgt 7 2076 0
2072 blr 0 0 0
2148 addi 3 3 -16
2152 lwz 31 12 3
2156 mtspr 8 31 0
2160 lwz 5 4 3
2164 add 2 5 2
2168 blr 0 0 0
2104 addi 3 3 -8
2108 lwz 31 4 3
2112 mtspr 8 31 0
2116 lwz 5 0 3
2120 addi 5 5 -2
2124 stw 2 4 3
2128 mfspr 31 8 0
2132 mr 2 5 0
2136 stw 31 12 3
2140 addi 3 3 16
2144 bl 2064 0 0
2064 cmpwi 7 2 1
2068 bgt 7 2076 0
2072 blr 0 0 0
2148 addi 3 3 -16
2152 lwz 31 12 3
2156 mtspr 8 31 0
2160 lwz 5 4 3
2164 add 2 5 2
2168 blr 0 0 0
2148 addi 3 3 -16
2152 lwz 31 12 3
2156 mtspr 8 31 0
2160 lwz 5 4 3
2164 add 2 5 2
2168 blr 0 0 0
2212 addi 3 3 -8
2216 lwz 31 4 3
2220 mtspr 8 31 0
2224 mfspr 31 8 0
2228 stw 31 4 3
2232 addi 3 3 8
2236 bl 132 0 0
132 mfspr 0 8 0
136 stw 30 -8 1
140 stw 31 -4 1
144 stw 0 8 1
148 stw 3 12 1
152 stw 4 16 1
156 stwu 1 -80 1
160 mr 30 1 0
164 bcl 20 31 160
804 lwz 2 56 30
808 lwz 1 0 1
812 lwz 0 8 1
816 lwz 3 12 1
820 lwz 4 16 1
824 mtspr 8 0 0
828 lwz 30 -8 1
832 lwz 30 -4 1
836 blr 0 0 0
2240 addi 3 3 -8
2244 lwz 31 4 3
2248 mtspr 8 31 0
2252 lwz 1 0 1
2256 lwz 0 8 1
2260 mtspr 8 0 0
2264 lwz 30 -8 1
2268 lwz 31 -4 1
2272 blr 0 0 0
