01111111111000001111101000010100
00111011111000001111111111111111
00111111111000001111111111111111
01111111111000001111101000010110
00101111100000001111111111111111
01000001100111010000000000000000
01000001100000010000000000000000
01001000000000000000000000000001
01001110100000000000000000100000
01001110100000000000010000100000
01001110100000000000010000100001
01000011111000000000000000000001
10000011111000001111111111111111
10000111111000001111111111111111
10010011111000001111111111111111
10010111111000001111111111111111
01111111111000000100001010100110
01111111111111111111101101111000
01111111111000000100001110100110
11111111111000001111100000011110
01101100000111111111111111111111
01001000000000000000000000000000
01000001100111000000000000000000
01000000100111100000000000000000
01111111100111110000000000000000
11111111111000001111101000010000
11111111111000001111100000101010
11111111100111111111100000000000
11111111111000001111100000100000
11111111111000001111100000100100
11111111111000001111100010010000
11111111111000000000011111110010
11111111111000001111100001010000
11111111111000001111100000101000
11111111111000001111100000101100
11111111111000001111100010000000
11111111111000001111100010001100
11111111111000001111100000111000
11111111111000001111100000111010
11111111111000001111100000111100
00000011111000000000000000000000
00000111111000001111111111111111
00001000000000000000000000000000
01100000000111111111111111111111
11000000001000100000000000000000
01111111111000001111110000101110
01111111111000001111110100101110
01111111111000001111100000101110
00011111111000001111111111111111
01111111111000001111100000010110
01010100000111111111100000000000
01010100000111111111111111111110
11010011111000001111111111111111
01111111111000001111100100101110
11111111111111111111111111111111
