10010000000000000000000000000101
10100000000000000000001000000010
00010111000000000000000000000000
00100111000000000000000000000000
01100111000111000000000000000000
10110010010001000000000000000010
00010001000001000000000000000000
10110111000001000000000000000010
00010001000001000000000000000010
10000010010111000000000000000000
10000010010111000000000000000001
00010010010000000000000000000001
00011111010000000000000000000001
10101111010000000000000000000001
10100000000001100001110000010010
10110111000001000000000000000010
00010001000001000000000000000011
10000010010111000000000000000000
10000010010111000000000000000001
10000010010111000000000000000010
00011111010000000000000000000010
10101111010000000000000000000001
10100000000001100001000100010010
10110111000001000000000000000010
00010001000001000000000000000010
10000010010111000000000000000000
10000010010111000000000000000001
00010010010000000000000000000001
10100010010000000000000000000001
10100000000001100000011000010010
01110010010111000000000000000000
00101111010000000011111110000000
01101111011111010000000000000000
10001111010010010000000000000000
00101111010000000100000000000000
01101111011111010000000000000000
10001111010010010000000000000001
00101111010000000100000001000000
01101111011111010000000000000000
10001111010010010000000000000010
01111111010111000000000000000001
00100010010000000100000010000000
01100010010010010000000000000000
10000010011111010000000000000000
00100010010000000100000010100000
01100010010010010000000000000000
10000010011111010000000000000001
00100010010000000100000011000000
01100010010010010000000000000000
10000010011111010000000000000010
01110010010111000000000000000000
00101111010000000100000011100000
01101111011111010000000000000000
10001111010010010000000000000000
00101111010000000100000100000000
01101111011111010000000000000000
10001111010010010000000000000001
01110010010111000000000000000001
00101111010000000100000100010000
01101111011111010000000000000000
10001111010010010000000000000000
00101111010000000100000100100000
01101111011111010000000000000000
10001111010010010000000000000001
01111111010111000000000000000010
00100010010000000100000100110000
01100010010010010000000000000000
10000010011111010000000000000000
00100010010000000100000101000000
01100010010010010000000000000000
10000010011111010000000000000001
00010010010000000000000000000001
10100010010000000000000000000001
10100000000001011110100000010010
01110010010111000000000000000000
01110010010010010000000000000000
10010010010010010000000000100000
10100010010000000000000000000001
10100000000001011110010000010010
00010010010000000000000000101101
00000000000010010000000000000001
10010010010000000010010000000101
10100010010000000000000000000001
10100000000001011110000100001010
10100010010000000100000000000001
10100000000001001011111000010010
10100010010000000011001000000001
10100000000001001011100000010010
10100010010000000001100100000001
10100000000001001011001000010010
10110010010010010000000000000010
10100010010000000000001010000001
10100000000001001001011000010010
00010010010010010000000000110000
00000000000010010000000000000001
00010010010000000000000000001010
00000000000010010000000000000001
01110010010010010000000000000001
10010010010010010000000000100000
10100010010000000000000000000001
10100000000001001001001000010010
00010010010000000000000000101101
00000000000010010000000000000001
10010010010000000010010000000101
10100010010000000000000000000001
10100000000001001000111100001010
10100010010000000100000000000001
10100000000000110110111000010010
10100010010000000011001000000001
10100000000000110110100000010010
10100010010000000001100100000001
10100000000000110110001000010010
10110010010010010000000000000010
10100010010000000000001010000001
10100000000000110100011000010010
00010010010010010000000000110000
00000000000010010000000000000001
00000000000010010000000000000001
01110010010111000000000000000001
01110010010010010000000000000000
10010010010010010000000000100000
10100010010000000000000000000001
10100000000000110100001000010010
00010010010000000000000000101101
00000000000010010000000000000001
10010010010000000010010000000101
10100010010000000000000000000001
10100000000000110011111100001010
10100010010000000100000000000001
10100000000000100001111000010010
10100010010000000011001000000001
10100000000000100001100000010010
10100010010000000001100100000001
10100000000000100001001000010010
10110010010010010000000000000010
10100010010000000000001010000001
10100000000000011111011000010010
00010010010010010000000000110000
00000000000010010000000000000001
00000000000010010000000000000001
01110010010010010000000000000001
10010010010010010000000000100000
10100010010000000000000000000001
10100000000000011111001000010010
00010010010000000000000000101101
00000000000010010000000000000001
10010010010000000010010000000101
10100010010000000000000000000001
10100000000000011110111000001010
10100010010000000100000000000001
10100000000000001100110000010010
10100010010000000011001000000001
10100000000000001100011000010010
10100010010000000001100100000001
10100000000000001100000000010010
10110010010010010000000000000010
10100010010000000000001010000001
10100000000000001010001000010010
00010010010010010000000000110000
00000000000010010000000000000001
00000000000010010000000000000001
10100000000000000000000000010110
10110010010010010000000000000010
00010010010000000000000000000000
10100010010000000000001010000001
10100000000000001011100100010010
10111111010001000000000000000010
00010001000001000000000000000010
10000010011111010000000000000000
10000010011111010000000000000001
10111111011111010000000000000010
01110010011111010000000000000001
01110010011111010000000000000000
10100010010000000000000000000001
10100000000000001011010100001010
00010010010010010000000000110000
00000000000010010000000000000001
00010010010010010000000000110000
00000000000010010000000000000001
00000000000010010000000000000001
10100000000000000000000000010110
00010010010010010000000000110000
00000000000010010000000000000001
00000000000010010000000000000001
10100000000000000000000000010110
00010010010010011111111111110110
00010010010010010000000000000001
10110010010010010000000000000010
10110010010010010000000000000010
10100010010000000000001010000001
10100000000000001011100100010010
10100000000000001010011000000010
00010010010000000000000000110001
00000000000010010000000000000001
00010010010010011111111110011100
10100010010000000000001010000001
10100000000000001010001000010010
10100000000000001001111000000010
00010010010000000000000000110010
00000000000010010000000000000001
00010010010010011111111100111000
10100010010000000000001010000001
10100000000000001010001000010010
10100000000000001001111000000010
10111111010001000000000000000010
00010001000001000000000000001010
10000111001111010000000000000000
10000111001111010000000000000001
10000111001111010000000000000010
10000111001111010000000000000011
10000111001111010000000000000100
10000111001111010000000000000101
10000111001111010000000000000110
10000111001111010000000000000111
10000111001111010000000000001000
10000111001111010000000000001001
00101111010000000011101110011010
01101111011111011100101000000000
10100000001111010010010000000000
10100000000000011101010100001110
10110010010010010000000000000010
00101111010000000000010111110101
01101111011111011110000100000000
10100000001111010010010000000000
10100000000000011011110000001110
10110010010010010000000000000010
00101111010000000000000010011000
01101111011111011001011010000000
10100000001111010010010000000000
10100000000000011010001100001110
10110010010010010000000000000010
00101111010000000000000000001111
01101111011111010100001001000000
10100000001111010010010000000000
10100000000000011000101000001110
10110010010010010000000000000010
00101111010000000000000000000001
01101111011111011000011010100000
10100000001111010010010000000000
10100000000000010111001100001110
10110010010010010000000000000010
10100010010010011100010000000001
10100000000000010101110000010010
10110010010010010000000000000010
10100010010000001111101000000001
10100000000000010100010100010010
10110010010010010000000000000010
10100010010000000001100100000001
10100000000000010010111000010010
10110010010010010000000000000010
10100010010000000000001010000001
10100000000000010001100100010010
10110010010010010000000000000010
10000010011111010000000000000000
00010010010000000000000000001001
00010010010000000000000000000000
10100010010000000000000000000001
10100000000000010000010000010010
00000000000010010000000000000001
10100000000000000000000000010110
10110010011111010010010000000000
10100010010000000000000000000001
10100000000000010000111100001010
00010010010010010000000000110000
00000000000010010000000000000001
00010010010010011111111111111111
10110010010010010000000000000010
10110010010010010000000000000010
10100010010000000000000000000001
10100000000000010000010000010010
10100000000000010000001000000010
10100010010000000000000000000001
10100000000000010001001100001010
00010010010000000000000000110000
00000000000010010000000000000001
00010010010010011111111111111111
10110010010010010000000000000010
10110010010010010000000000000010
10100010010000000000000000000001
10100000000000010000010000010010
10100000000000010000001000000010
10110010010010010000000000000010
00010010010000000000000000000000
10100010010000000000001010000001
10100000000000010010011100010010
10111111010001000000000000000010
00010001000001000000000000000010
10000010011111010000000000000000
10000010011111010000000000000001
10111111011111010000000000000010
01110010011111010000000000000001
01110010011111010000000000000000
10000010011111010000000000000001
10110010010010010000000000000010
10100000000000001111110100000010
00010010010010011111111111110110
00010010010010010000000000000001
10110010010010010000000000000010
10110010010010010000000000000010
10100010010000000000001010000001
10100000000000010010011100010010
10100000000000010001110100000010
10110010010010010000000000000010
00010010010000000000000000000000
10100010010000000001100100000001
10100000000000010011111000010010
10111111010001000000000000000010
00010001000001000000000000000010
10000010011111010000000000000000
10000010011111010000000000000001
10111111011111010000000000000010
01110010011111010000000000000001
01110010011111010000000000000000
10000010011111010000000000000010
10110010010010010000000000000010
10100010010000000000001010000001
10100000000000010001100100010010
10100000000000001111110000000010
00010010010010011111111110011100
00010010010010010000000000000001
10110010010010010000000000000010
10110010010010010000000000000010
10100010010000000001100100000001
10100000000000010011111000010010
10100000000000010011001000000010
10110010010010010000000000000010
00010010010000000000000000000000
10100010010000001111101000000001
10100000000000010101010100010010
10111111010001000000000000000010
00010001000001000000000000000010
10000010011111010000000000000000
10000010011111010000000000000001
10111111011111010000000000000010
01110010011111010000000000000001
01110010011111010000000000000000
10000010011111010000000000000011
10110010010010010000000000000010
10100010010000000001100100000001
10100000000000010010111000010010
10100000000000001111100100000010
00010010010010011111110000011000
00010010010010010000000000000001
10110010010010010000000000000010
10110010010010010000000000000010
10100010010000001111101000000001
10100000000000010101010100010010
10100000000000010100100100000010
10110010010010010000000000000010
00010010010000000000000000000000
10100010010010011100010000000001
10100000000000010110110000010010
10111111010001000000000000000010
00010001000001000000000000000010
10000010011111010000000000000000
10000010011111010000000000000001
10111111011111010000000000000010
01110010011111010000000000000001
01110010011111010000000000000000
10000010011111010000000000000100
10110010010010010000000000000010
10100010010000001111101000000001
10100000000000010100010100010010
10100000000000001111011000000010
00010010010010011101100011110000
00010010010010010000000000000001
10110010010010010000000000000010
10110010010010010000000000000010
10100010010010011100010000000001
10100000000000010110110000010010
10100000000000010110000000000010
10110010010010010000000000000010
00010010010000000000000000000000
10100000001111010010010000000000
10100000000000011000001100001110
10111111010001000000000000000010
00010001000001000000000000000010
10000010011111010000000000000000
10000010011111010000000000000001
10111111011111010000000000000010
01110010011111010000000000000001
01110010011111010000000000000000
10000010011111010000000000000101
10110010010010010000000000000010
10100010010010011100010000000001
10100000000000010101110000010010
10100000000000001111001100000010
10010010010010011111010000000101
00010010010010010000000000000001
10110010010010010000000000000010
10110010010010010000000000000010
10100000001111010010010000000000
10100000000000011000001100001110
10100000000000010111011100000010
10110010010010010000000000000010
00010010010000000000000000000000
10100000001111010010010000000000
10100000000000011001110000001110
10111111010001000000000000000010
00010001000001000000000000000010
10000010011111010000000000000000
10000010011111010000000000000001
10111111011111010000000000000010
01110010011111010000000000000001
01110010011111010000000000000000
10000010011111010000000000000110
10110010010010010000000000000010
00101111010000000000000000000001
01101111011111011000011010100000
10100000001111010010010000000000
10100000000000010111001100001110
10100000000000001111000000000010
10010010010010011111010000000101
00010010010010010000000000000001
10110010010010010000000000000010
10110010010010010000000000000010
10100000001111010010010000000000
10100000000000011001110000001110
10100000000000011000111000000010
10110010010010010000000000000010
00010010010000000000000000000000
10100000001111010010010000000000
10100000000000011011010100001110
10111111010001000000000000000010
00010001000001000000000000000010
10000010011111010000000000000000
10000010011111010000000000000001
10111111011111010000000000000010
01110010011111010000000000000001
01110010011111010000000000000000
10000010011111010000000000000111
10110010010010010000000000000010
00101111010000000000000000001111
01101111011111010100001001000000
10100000001111010010010000000000
10100000000000011000101000001110
10100000000000001110101100000010
10010010010010011111010000000101
00010010010010010000000000000001
10110010010010010000000000000010
10110010010010010000000000000010
10100000001111010010010000000000
10100000000000011011010100001110
10100000000000011010011100000010
10110010010010010000000000000010
00010010010000000000000000000000
10100000001111010010010000000000
10100000000000011100111000001110
10111111010001000000000000000010
00010001000001000000000000000010
10000010011111010000000000000000
10000010011111010000000000000001
10111111011111010000000000000010
01110010011111010000000000000001
01110010011111010000000000000000
10000010011111010000000000001000
10110010010010010000000000000010
00101111010000000000000010011000
01101111011111011001011010000000
10100000001111010010010000000000
10100000000000011010001100001110
10100000000000001110011000000010
10010010010010011111010000000101
00010010010010010000000000000001
10110010010010010000000000000010
10110010010010010000000000000010
10100000001111010010010000000000
10100000000000011100111000001110
10100000000000011100000000000010
10110010010010010000000000000010
00010010010000000000000000000000
10100000001111010010010000000000
10100000000000011110011100001110
10111111010001000000000000000010
00010001000001000000000000000010
10000010011111010000000000000000
10000010011111010000000000000001
10111111011111010000000000000010
01110010011111010000000000000001
01110010011111010000000000000000
10000010011111010000000000001001
10110010010010010000000000000010
00101111010000000000010111110101
01101111011111011110000100000000
10100000001111010010010000000000
10100000000000011011110000001110
10100000000000001110000100000010
10010010010010011111010000000101
00010010010010010000000000000001
10110010010010010000000000000010
10110010010010010000000000000010
10100000001111010010010000000000
10100000000000011110011100001110
10100000000000011101100100000010
00010010010000000000000000110000
00000000000010010000000000000001
00000000000010010000000000000001
10100000000000000000000000010110
10110010010010010000000000000010
10100010010000000000000000000001
10100000000000011110111000001010
10100000000000001001010100000010
10110010010010010000000000000010
00010010010000000000000000000000
10100010010000000000001010000001
10100000000000100000101100010010
10111111010001000000000000000010
00010001000001000000000000000010
10000010011111010000000000000000
10000010011111010000000000000001
10111111011111010000000000000010
01110010011111010000000000000001
01110010011111010000000000000000
10100010010000000000000000000001
10100000000000100000100000001010
00010010010010010000000000110000
00000000000010010000000000000001
00010010010010010000000000110000
00000000000010010000000000000001
10100000000000001000101100000010
00010010010010010000000000110000
00000000000010010000000000000001
10100000000000001000101100000010
00010010010010011111111111110110
00010010010010010000000000000001
10110010010010010000000000000010
10110010010010010000000000000010
10100010010000000000001010000001
10100000000000100000101100010010
10100000000000011111101000000010
00010010010000000000000000110001
00000000000010010000000000000001
00010010010010011111111110011100
10100010010000000000001010000001
10100000000000011111011000010010
10100000000000001000100100000010
00010010010000000000000000110010
00000000000010010000000000000001
00010010010010011111111100111000
10100010010000000000001010000001
10100000000000011111011000010010
10100000000000001000100100000010
10111111010001000000000000000010
00010001000001000000000000001010
10000111001111010000000000000000
10000111001111010000000000000001
10000111001111010000000000000010
10000111001111010000000000000011
10000111001111010000000000000100
10000111001111010000000000000101
10000111001111010000000000000110
10000111001111010000000000000111
10000111001111010000000000001000
10000111001111010000000000001001
00101111010000000011101110011010
01101111011111011100101000000000
10100000001111010010010000000000
10100000000000110010011000001110
10110010010010010000000000000010
00101111010000000000010111110101
01101111011111011110000100000000
10100000001111010010010000000000
10100000000000110000110100001110
10110010010010010000000000000010
00101111010000000000000010011000
01101111011111011001011010000000
10100000001111010010010000000000
10100000000000101111010000001110
10110010010010010000000000000010
00101111010000000000000000001111
01101111011111010100001001000000
10100000001111010010010000000000
10100000000000101101101100001110
10110010010010010000000000000010
00101111010000000000000000000001
01101111011111011000011010100000
10100000001111010010010000000000
10100000000000101100010000001110
10110010010010010000000000000010
10100010010010011100010000000001
10100000000000101010110100010010
10110010010010010000000000000010
10100010010000001111101000000001
10100000000000101001011000010010
10110010010010010000000000000010
10100010010000000001100100000001
10100000000000100111111100010010
10110010010010010000000000000010
10100010010000000000001010000001
10100000000000100110101000010010
10110010010010010000000000000010
10000010011111010000000000000000
00010010010000000000000000001001
00010010010000000000000000000000
10100010010000000000000000000001
10100000000000100101010100010010
10100000000000001000101100000010
10110010011111010010010000000000
10100010010000000000000000000001
10100000000000100110000000001010
00010010010010010000000000110000
00000000000010010000000000000001
00010010010010011111111111111111
10110010010010010000000000000010
10110010010010010000000000000010
10100010010000000000000000000001
10100000000000100101010100010010
10100000000000001000101100000010
10100010010000000000000000000001
10100000000000100110010000001010
00010010010000000000000000110000
00000000000010010000000000000001
00010010010010011111111111111111
10110010010010010000000000000010
10110010010010010000000000000010
10100010010000000000000000000001
10100000000000100101010100010010
10100000000000001000101100000010
10110010010010010000000000000010
00010010010000000000000000000000
10100010010000000000001010000001
10100000000000100111100000010010
10111111010001000000000000000010
00010001000001000000000000000010
10000010011111010000000000000000
10000010011111010000000000000001
10111111011111010000000000000010
01110010011111010000000000000001
01110010011111010000000000000000
10000010011111010000000000000001
10110010010010010000000000000010
10100000000000100100111100000010
00010010010010011111111111110110
00010010010010010000000000000001
10110010010010010000000000000010
10110010010010010000000000000010
10100010010000000000001010000001
10100000000000100111100000010010
10100000000000100110111000000010
10110010010010010000000000000010
00010010010000000000000000000000
10100010010000000001100100000001
10100000000000101000111100010010
10111111010001000000000000000010
00010001000001000000000000000010
10000010011111010000000000000000
10000010011111010000000000000001
10111111011111010000000000000010
01110010011111010000000000000001
01110010011111010000000000000000
10000010011111010000000000000010
10110010010010010000000000000010
10100010010000000000001010000001
10100000000000100110101000010010
10100000000000100100111000000010
00010010010010011111111110011100
00010010010010010000000000000001
10110010010010010000000000000010
10110010010010010000000000000010
10100010010000000001100100000001
10100000000000101000111100010010
10100000000000101000001100000010
10110010010010010000000000000010
00010010010000000000000000000000
10100010010000001111101000000001
10100000000000101010011000010010
10111111010001000000000000000010
00010001000001000000000000000010
10000010011111010000000000000000
10000010011111010000000000000001
10111111011111010000000000000010
01110010011111010000000000000001
01110010011111010000000000000000
10000010011111010000000000000011
10110010010010010000000000000010
10100010010000000001100100000001
10100000000000100111111100010010
10100000000000100100101100000010
00010010010010011111110000011000
00010010010010010000000000000001
10110010010010010000000000000010
10110010010010010000000000000010
10100010010000001111101000000001
10100000000000101010011000010010
10100000000000101001101000000010
10110010010010010000000000000010
00010010010000000000000000000000
10100010010010011100010000000001
10100000000000101011110100010010
10111111010001000000000000000010
00010001000001000000000000000010
10000010011111010000000000000000
10000010011111010000000000000001
10111111011111010000000000000010
01110010011111010000000000000001
01110010011111010000000000000000
10000010011111010000000000000100
10110010010010010000000000000010
10100010010000001111101000000001
10100000000000101001011000010010
10100000000000100100100000000010
00010010010010011101100011110000
00010010010010010000000000000001
10110010010010010000000000000010
10110010010010010000000000000010
10100010010010011100010000000001
10100000000000101011110100010010
10100000000000101011000100000010
10110010010010010000000000000010
00010010010000000000000000000000
10100000001111010010010000000000
10100000000000101101010000001110
10111111010001000000000000000010
00010001000001000000000000000010
10000010011111010000000000000000
10000010011111010000000000000001
10111111011111010000000000000010
01110010011111010000000000000001
01110010011111010000000000000000
10000010011111010000000000000101
10110010010010010000000000000010
10100010010010011100010000000001
10100000000000101010110100010010
10100000000000100100010100000010
10010010010010011111010000000101
00010010010010010000000000000001
10110010010010010000000000000010
10110010010010010000000000000010
10100000001111010010010000000000
10100000000000101101010000001110
10100000000000101100100000000010
10110010010010010000000000000010
00010010010000000000000000000000
10100000001111010010010000000000
10100000000000101110110100001110
10111111010001000000000000000010
00010001000001000000000000000010
10000010011111010000000000000000
10000010011111010000000000000001
10111111011111010000000000000010
01110010011111010000000000000001
01110010011111010000000000000000
10000010011111010000000000000110
10110010010010010000000000000010
00101111010000000000000000000001
01101111011111011000011010100000
10100000001111010010010000000000
10100000000000101100010000001110
10100000000000100100001000000010
10010010010010011111010000000101
00010010010010010000000000000001
10110010010010010000000000000010
10110010010010010000000000000010
10100000001111010010010000000000
10100000000000101110110100001110
10100000000000101101111100000010
10110010010010010000000000000010
00010010010000000000000000000000
10100000001111010010010000000000
10100000000000110000011000001110
10111111010001000000000000000010
00010001000001000000000000000010
10000010011111010000000000000000
10000010011111010000000000000001
10111111011111010000000000000010
01110010011111010000000000000001
01110010011111010000000000000000
10000010011111010000000000000111
10110010010010010000000000000010
00101111010000000000000000001111
01101111011111010100001001000000
10100000001111010010010000000000
10100000000000101101101100001110
10100000000000100011110100000010
10010010010010011111010000000101
00010010010010010000000000000001
10110010010010010000000000000010
10110010010010010000000000000010
10100000001111010010010000000000
10100000000000110000011000001110
10100000000000101111100000000010
10110010010010010000000000000010
00010010010000000000000000000000
10100000001111010010010000000000
10100000000000110001111100001110
10111111010001000000000000000010
00010001000001000000000000000010
10000010011111010000000000000000
10000010011111010000000000000001
10111111011111010000000000000010
01110010011111010000000000000001
01110010011111010000000000000000
10000010011111010000000000001000
10110010010010010000000000000010
00101111010000000000000010011000
01101111011111011001011010000000
10100000001111010010010000000000
10100000000000101111010000001110
10100000000000100011100000000010
10010010010010011111010000000101
00010010010010010000000000000001
10110010010010010000000000000010
10110010010010010000000000000010
10100000001111010010010000000000
10100000000000110001111100001110
10100000000000110001000100000010
10110010010010010000000000000010
00010010010000000000000000000000
10100000001111010010010000000000
10100000000000110011100000001110
10111111010001000000000000000010
00010001000001000000000000000010
10000010011111010000000000000000
10000010011111010000000000000001
10111111011111010000000000000010
01110010011111010000000000000001
01110010011111010000000000000000
10000010011111010000000000001001
10110010010010010000000000000010
00101111010000000000010111110101
01101111011111011110000100000000
10100000001111010010010000000000
10100000000000110000110100001110
10100000000000100011001100000010
10010010010010011111010000000101
00010010010010010000000000000001
10110010010010010000000000000010
10110010010010010000000000000010
10100000001111010010010000000000
10100000000000110011100000001110
10100000000000110010101000000010
00010010010000000000000000110000
00000000000010010000000000000001
10100000000000001000101100000010
10110010010010010000000000000010
10100010010000000000000000000001
10100000000000110011111100001010
10100000000000001000000000000010
10110010010010010000000000000010
00010010010000000000000000000000
10100010010000000000001010000001
10100000000000110101101100010010
10111111010001000000000000000010
00010001000001000000000000000010
10000010011111010000000000000000
10000010011111010000000000000001
10111111011111010000000000000010
01110010011111010000000000000001
01110010011111010000000000000000
10100010010000000000000000000001
10100000000000110101100000001010
00010010010010010000000000110000
00000000000010010000000000000001
00010010010010010000000000110000
00000000000010010000000000000001
10100000000000000111010100000010
00010010010010010000000000110000
00000000000010010000000000000001
10100000000000000111010100000010
00010010010010011111111111110110
00010010010010010000000000000001
10110010010010010000000000000010
10110010010010010000000000000010
10100010010000000000001010000001
10100000000000110101101100010010
10100000000000110100101000000010
00010010010000000000000000110001
00000000000010010000000000000001
00010010010010011111111110011100
10100010010000000000001010000001
10100000000000110100011000010010
10100000000000000111001100000010
00010010010000000000000000110010
00000000000010010000000000000001
00010010010010011111111100111000
10100010010000000000001010000001
10100000000000110100011000010010
10100000000000000111001100000010
10111111010001000000000000000010
00010001000001000000000000001010
10000111001111010000000000000000
10000111001111010000000000000001
10000111001111010000000000000010
10000111001111010000000000000011
10000111001111010000000000000100
10000111001111010000000000000101
10000111001111010000000000000110
10000111001111010000000000000111
10000111001111010000000000001000
10000111001111010000000000001001
00101111010000000011101110011010
01101111011111011100101000000000
10100000001111010010010000000000
10100000000001000111011000001110
10110010010010010000000000000010
00101111010000000000010111110101
01101111011111011110000100000000
10100000001111010010010000000000
10100000000001000101110100001110
10110010010010010000000000000010
00101111010000000000000010011000
01101111011111011001011010000000
10100000001111010010010000000000
10100000000001000100010000001110
10110010010010010000000000000010
00101111010000000000000000001111
01101111011111010100001001000000
10100000001111010010010000000000
10100000000001000010101100001110
10110010010010010000000000000010
00101111010000000000000000000001
01101111011111011000011010100000
10100000001111010010010000000000
10100000000001000001010000001110
10110010010010010000000000000010
10100010010010011100010000000001
10100000000000111111110100010010
10110010010010010000000000000010
10100010010000001111101000000001
10100000000000111110011000010010
10110010010010010000000000000010
10100010010000000001100100000001
10100000000000111100111100010010
10110010010010010000000000000010
10100010010000000000001010000001
10100000000000111011101000010010
10110010010010010000000000000010
10000010011111010000000000000000
00010010010000000000000000001001
00010010010000000000000000000000
10100010010000000000000000000001
10100000000000111010010100010010
10100000000000000111010100000010
10110010011111010010010000000000
10100010010000000000000000000001
10100000000000111011000000001010
00010010010010010000000000110000
00000000000010010000000000000001
00010010010010011111111111111111
10110010010010010000000000000010
10110010010010010000000000000010
10100010010000000000000000000001
10100000000000111010010100010010
10100000000000000111010100000010
10100010010000000000000000000001
10100000000000111011010000001010
00010010010000000000000000110000
00000000000010010000000000000001
00010010010010011111111111111111
10110010010010010000000000000010
10110010010010010000000000000010
10100010010000000000000000000001
10100000000000111010010100010010
10100000000000000111010100000010
10110010010010010000000000000010
00010010010000000000000000000000
10100010010000000000001010000001
10100000000000111100100000010010
10111111010001000000000000000010
00010001000001000000000000000010
10000010011111010000000000000000
10000010011111010000000000000001
10111111011111010000000000000010
01110010011111010000000000000001
01110010011111010000000000000000
10000010011111010000000000000001
10110010010010010000000000000010
10100000000000111001111100000010
00010010010010011111111111110110
00010010010010010000000000000001
10110010010010010000000000000010
10110010010010010000000000000010
10100010010000000000001010000001
10100000000000111100100000010010
10100000000000111011111000000010
10110010010010010000000000000010
00010010010000000000000000000000
10100010010000000001100100000001
10100000000000111101111100010010
10111111010001000000000000000010
00010001000001000000000000000010
10000010011111010000000000000000
10000010011111010000000000000001
10111111011111010000000000000010
01110010011111010000000000000001
01110010011111010000000000000000
10000010011111010000000000000010
10110010010010010000000000000010
10100010010000000000001010000001
10100000000000111011101000010010
10100000000000111001111000000010
00010010010010011111111110011100
00010010010010010000000000000001
10110010010010010000000000000010
10110010010010010000000000000010
10100010010000000001100100000001
10100000000000111101111100010010
10100000000000111101001100000010
10110010010010010000000000000010
00010010010000000000000000000000
10100010010000001111101000000001
10100000000000111111011000010010
10111111010001000000000000000010
00010001000001000000000000000010
10000010011111010000000000000000
10000010011111010000000000000001
10111111011111010000000000000010
01110010011111010000000000000001
01110010011111010000000000000000
10000010011111010000000000000011
10110010010010010000000000000010
10100010010000000001100100000001
10100000000000111100111100010010
10100000000000111001101100000010
00010010010010011111110000011000
00010010010010010000000000000001
10110010010010010000000000000010
10110010010010010000000000000010
10100010010000001111101000000001
10100000000000111111011000010010
10100000000000111110101000000010
10110010010010010000000000000010
00010010010000000000000000000000
10100010010010011100010000000001
10100000000001000000110100010010
10111111010001000000000000000010
00010001000001000000000000000010
10000010011111010000000000000000
10000010011111010000000000000001
10111111011111010000000000000010
01110010011111010000000000000001
01110010011111010000000000000000
10000010011111010000000000000100
10110010010010010000000000000010
10100010010000001111101000000001
10100000000000111110011000010010
10100000000000111001100000000010
00010010010010011101100011110000
00010010010010010000000000000001
10110010010010010000000000000010
10110010010010010000000000000010
10100010010010011100010000000001
10100000000001000000110100010010
10100000000001000000000100000010
10110010010010010000000000000010
00010010010000000000000000000000
10100000001111010010010000000000
10100000000001000010010000001110
10111111010001000000000000000010
00010001000001000000000000000010
10000010011111010000000000000000
10000010011111010000000000000001
10111111011111010000000000000010
01110010011111010000000000000001
01110010011111010000000000000000
10000010011111010000000000000101
10110010010010010000000000000010
10100010010010011100010000000001
10100000000000111111110100010010
10100000000000111001010100000010
10010010010010011111010000000101
00010010010010010000000000000001
10110010010010010000000000000010
10110010010010010000000000000010
10100000001111010010010000000000
10100000000001000010010000001110
10100000000001000001100000000010
10110010010010010000000000000010
00010010010000000000000000000000
10100000001111010010010000000000
10100000000001000011110100001110
10111111010001000000000000000010
00010001000001000000000000000010
10000010011111010000000000000000
10000010011111010000000000000001
10111111011111010000000000000010
01110010011111010000000000000001
01110010011111010000000000000000
10000010011111010000000000000110
10110010010010010000000000000010
00101111010000000000000000000001
01101111011111011000011010100000
10100000001111010010010000000000
10100000000001000001010000001110
10100000000000111001001000000010
10010010010010011111010000000101
00010010010010010000000000000001
10110010010010010000000000000010
10110010010010010000000000000010
10100000001111010010010000000000
10100000000001000011110100001110
10100000000001000010111100000010
10110010010010010000000000000010
00010010010000000000000000000000
10100000001111010010010000000000
10100000000001000101011000001110
10111111010001000000000000000010
00010001000001000000000000000010
10000010011111010000000000000000
10000010011111010000000000000001
10111111011111010000000000000010
01110010011111010000000000000001
01110010011111010000000000000000
10000010011111010000000000000111
10110010010010010000000000000010
00101111010000000000000000001111
01101111011111010100001001000000
10100000001111010010010000000000
10100000000001000010101100001110
10100000000000111000110100000010
10010010010010011111010000000101
00010010010010010000000000000001
10110010010010010000000000000010
10110010010010010000000000000010
10100000001111010010010000000000
10100000000001000101011000001110
10100000000001000100100000000010
10110010010010010000000000000010
00010010010000000000000000000000
10100000001111010010010000000000
10100000000001000110111100001110
10111111010001000000000000000010
00010001000001000000000000000010
10000010011111010000000000000000
10000010011111010000000000000001
10111111011111010000000000000010
01110010011111010000000000000001
01110010011111010000000000000000
10000010011111010000000000001000
10110010010010010000000000000010
00101111010000000000000010011000
01101111011111011001011010000000
10100000001111010010010000000000
10100000000001000100010000001110
10100000000000111000100000000010
10010010010010011111010000000101
00010010010010010000000000000001
10110010010010010000000000000010
10110010010010010000000000000010
10100000001111010010010000000000
10100000000001000110111100001110
10100000000001000110000100000010
10110010010010010000000000000010
00010010010000000000000000000000
10100000001111010010010000000000
10100000000001001000100000001110
10111111010001000000000000000010
00010001000001000000000000000010
10000010011111010000000000000000
10000010011111010000000000000001
10111111011111010000000000000010
01110010011111010000000000000001
01110010011111010000000000000000
10000010011111010000000000001001
10110010010010010000000000000010
00101111010000000000010111110101
01101111011111011110000100000000
10100000001111010010010000000000
10100000000001000101110100001110
10100000000000111000001100000010
10010010010010011111010000000101
00010010010010010000000000000001
10110010010010010000000000000010
10110010010010010000000000000010
10100000001111010010010000000000
10100000000001001000100000001110
10100000000001000111101000000010
00010010010000000000000000110000
00000000000010010000000000000001
10100000000000000111010100000010
10110010010010010000000000000010
10100010010000000000000000000001
10100000000001001000111100001010
10100000000000000110101000000010
10110010010010010000000000000010
00010010010000000000000000000000
10100010010000000000001010000001
10100000000001001010101100010010
10111111010001000000000000000010
00010001000001000000000000000010
10000010011111010000000000000000
10000010011111010000000000000001
10111111011111010000000000000010
01110010011111010000000000000001
01110010011111010000000000000000
10100010010000000000000000000001
10100000000001001010100000001010
00010010010010010000000000110000
00000000000010010000000000000001
00010010010010010000000000110000
00000000000010010000000000000001
10100000000000000101111100000010
00010010010010010000000000110000
00000000000010010000000000000001
10100000000000000101111100000010
00010010010010011111111111110110
00010010010010010000000000000001
10110010010010010000000000000010
10110010010010010000000000000010
10100010010000000000001010000001
10100000000001001010101100010010
10100000000001001001101000000010
00010010010000000000000000110001
00000000000010010000000000000001
00010010010010011111111110011100
10100010010000000000001010000001
10100000000001001001011000010010
10100000000000000101110100000010
00010010010000000000000000110010
00000000000010010000000000000001
00010010010010011111111100111000
10100010010000000000001010000001
10100000000001001001011000010010
10100000000000000101110100000010
00010010010000000000000000001010
10111111010001000000000000000010
00010001000001000000000000001010
00010010010010011111111111111111
00010010010000000000000000000000
10100000000010010010010000000000
10100000000001011101101100001110
10111111011111010000000000000010
00101111010000000011101110011010
01101111011111011100101000000000
10100000001111010010010000000000
10100000000001011100001000001110
10110010010010010000000000000010
00101111010000000000010111110101
01101111011111011110000100000000
10100000001111010010010000000000
10100000000001011010100100001110
10110010010010010000000000000010
00101111010000000000000010011000
01101111011111011001011010000000
10100000001111010010010000000000
10100000000001011001000000001110
10110010010010010000000000000010
00101111010000000000000000001111
01101111011111010100001001000000
10100000001111010010010000000000
10100000000001010111011100001110
10110010010010010000000000000010
00101111010000000000000000000001
01101111011111011000011010100000
10100000001111010010010000000000
10100000000001010110000000001110
10110010010010010000000000000010
10100010010010011100010000000001
10100000000001010100100100010010
10110010010010010000000000000010
10100010010000001111101000000001
10100000000001010011001000010010
10110010010010010000000000000010
10100010010000000001100100000001
10100000000001010001101100010010
10110010010010010000000000000010
10100010010000000000001010000001
10100000000001010000011000010010
10110010010010010000000000000010
10000010011111010000000000000000
00010010010000000000000000001001
00010010010000000000000000000000
10100010010000000000000000000001
10100000000001001111000100010010
10100000000000000101111100000010
10110010011111010010010000000000
10100010010000000000000000000001
10100000000001001111110000001010
00010010010010010000000000110000
00000000000010010000000000000001
00010010010010011111111111111111
10110010010010010000000000000010
10110010010010010000000000000010
10100010010000000000000000000001
10100000000001001111000100010010
10100000000000000101111100000010
10100010010000000000000000000001
10100000000001010000000000001010
00010010010000000000000000110000
00000000000010010000000000000001
00010010010010011111111111111111
10110010010010010000000000000010
10110010010010010000000000000010
10100010010000000000000000000001
10100000000001001111000100010010
10100000000000000101111100000010
10110010010010010000000000000010
00010010010000000000000000000000
10100010010000000000001010000001
10100000000001010001010000010010
10111111010001000000000000000010
00010001000001000000000000000010
10000010011111010000000000000000
10000010011111010000000000000001
10111111011111010000000000000010
01110010011111010000000000000001
01110010011111010000000000000000
10000010011111010000000000000001
10110010010010010000000000000010
10100000000001001110101100000010
00010010010010011111111111110110
00010010010010010000000000000001
10110010010010010000000000000010
10110010010010010000000000000010
10100010010000000000001010000001
10100000000001010001010000010010
10100000000001010000101000000010
10110010010010010000000000000010
00010010010000000000000000000000
10100010010000000001100100000001
10100000000001010010101100010010
10111111010001000000000000000010
00010001000001000000000000000010
10000010011111010000000000000000
10000010011111010000000000000001
10111111011111010000000000000010
01110010011111010000000000000001
01110010011111010000000000000000
10000010011111010000000000000010
10110010010010010000000000000010
10100010010000000000001010000001
10100000000001010000011000010010
10100000000001001110101000000010
00010010010010011111111110011100
00010010010010010000000000000001
10110010010010010000000000000010
10110010010010010000000000000010
10100010010000000001100100000001
10100000000001010010101100010010
10100000000001010001111100000010
10110010010010010000000000000010
00010010010000000000000000000000
10100010010000001111101000000001
10100000000001010100001000010010
10111111010001000000000000000010
00010001000001000000000000000010
10000010011111010000000000000000
10000010011111010000000000000001
10111111011111010000000000000010
01110010011111010000000000000001
01110010011111010000000000000000
10000010011111010000000000000011
10110010010010010000000000000010
10100010010000000001100100000001
10100000000001010001101100010010
10100000000001001110011100000010
00010010010010011111110000011000
00010010010010010000000000000001
10110010010010010000000000000010
10110010010010010000000000000010
10100010010000001111101000000001
10100000000001010100001000010010
10100000000001010011011000000010
10110010010010010000000000000010
00010010010000000000000000000000
10100010010010011100010000000001
10100000000001010101100100010010
10111111010001000000000000000010
00010001000001000000000000000010
10000010011111010000000000000000
10000010011111010000000000000001
10111111011111010000000000000010
01110010011111010000000000000001
01110010011111010000000000000000
10000010011111010000000000000100
10110010010010010000000000000010
10100010010000001111101000000001
10100000000001010011001000010010
10100000000001001110010000000010
00010010010010011101100011110000
00010010010010010000000000000001
10110010010010010000000000000010
10110010010010010000000000000010
10100010010010011100010000000001
10100000000001010101100100010010
10100000000001010100110100000010
10110010010010010000000000000010
00010010010000000000000000000000
10100000001111010010010000000000
10100000000001010111000000001110
10111111010001000000000000000010
00010001000001000000000000000010
10000010011111010000000000000000
10000010011111010000000000000001
10111111011111010000000000000010
01110010011111010000000000000001
01110010011111010000000000000000
10000010011111010000000000000101
10110010010010010000000000000010
10100010010010011100010000000001
10100000000001010100100100010010
10100000000001001110000100000010
10010010010010011111010000000101
00010010010010010000000000000001
10110010010010010000000000000010
10110010010010010000000000000010
10100000001111010010010000000000
10100000000001010111000000001110
10100000000001010110010000000010
10110010010010010000000000000010
00010010010000000000000000000000
10100000001111010010010000000000
10100000000001011000100100001110
10111111010001000000000000000010
00010001000001000000000000000010
10000010011111010000000000000000
10000010011111010000000000000001
10111111011111010000000000000010
01110010011111010000000000000001
01110010011111010000000000000000
10000010011111010000000000000110
10110010010010010000000000000010
00101111010000000000000000000001
01101111011111011000011010100000
10100000001111010010010000000000
10100000000001010110000000001110
10100000000001001101111000000010
10010010010010011111010000000101
00010010010010010000000000000001
10110010010010010000000000000010
10110010010010010000000000000010
10100000001111010010010000000000
10100000000001011000100100001110
10100000000001010111101100000010
10110010010010010000000000000010
00010010010000000000000000000000
10100000001111010010010000000000
10100000000001011010001000001110
10111111010001000000000000000010
00010001000001000000000000000010
10000010011111010000000000000000
10000010011111010000000000000001
10111111011111010000000000000010
01110010011111010000000000000001
01110010011111010000000000000000
10000010011111010000000000000111
10110010010010010000000000000010
00101111010000000000000000001111
01101111011111010100001001000000
10100000001111010010010000000000
10100000000001010111011100001110
10100000000001001101100100000010
10010010010010011111010000000101
00010010010010010000000000000001
10110010010010010000000000000010
10110010010010010000000000000010
10100000001111010010010000000000
10100000000001011010001000001110
10100000000001011001010000000010
10110010010010010000000000000010
00010010010000000000000000000000
10100000001111010010010000000000
10100000000001011011101100001110
10111111010001000000000000000010
00010001000001000000000000000010
10000010011111010000000000000000
10000010011111010000000000000001
10111111011111010000000000000010
01110010011111010000000000000001
01110010011111010000000000000000
10000010011111010000000000001000
10110010010010010000000000000010
00101111010000000000000010011000
01101111011111011001011010000000
10100000001111010010010000000000
10100000000001011001000000001110
10100000000001001101010000000010
10010010010010011111010000000101
00010010010010010000000000000001
10110010010010010000000000000010
10110010010010010000000000000010
10100000001111010010010000000000
10100000000001011011101100001110
10100000000001011010110100000010
10110010010010010000000000000010
00010010010000000000000000000000
10100000001111010010010000000000
10100000000001011101010000001110
10111111010001000000000000000010
00010001000001000000000000000010
10000010011111010000000000000000
10000010011111010000000000000001
10111111011111010000000000000010
01110010011111010000000000000001
01110010011111010000000000000000
10000010011111010000000000001001
10110010010010010000000000000010
00101111010000000000010111110101
01101111011111011110000100000000
10100000001111010010010000000000
10100000000001011010100100001110
10100000000001001100111100000010
10010010010010011111010000000101
00010010010010010000000000000001
10110010010010010000000000000010
10110010010010010000000000000010
10100000001111010010010000000000
10100000000001011101010000001110
10100000000001011100011000000010
10110111000010011111010000000001
00010010010010010000000000000001
10110010010010010000000000000010
10100000000010010010010000000000
10100000000001011101101100001110
10100000000001001100010100000010
00010010010000000000000000110000
00000000000010010000000000000001
10100000000000000101111100000010
10110010010010010000000000000010
10100010010000000000000000000001
10100000000001011110000100001010
10100000000000000101010000000010
00010010010000000000000000000001
10100010010000000000000000000001
10100000000001011111000000010010
00010010010010011111111111111111
10110010010010010000000000000010
10100010010000000000000000000001
10100000000001011110100000010010
10100000000000000100101000000010
00010010010000000000000000000010
10100010010000000000000000000001
10100000000001011111100000010010
00010010010010011111111111111111
10110010010010010000000000000010
10100010010000000000000000000001
10100000000001011111000000010010
10100000000001011110101100000010
10111111010111000010010000000000
10111111011111010010010000000000
10111111010111000010010000000000
10111111011111010010010000000000
10111111010111000010010000000000
10110010011111010010010000000000
10010010011111010010010000010101
10010111001111010010010000001101
10110111000010011111010000000001
00010010010010011111111111111111
10110010010010010000000000000010
10100010010000000000000000000001
10100000000001011111100000010010
10100000000001011111001100000010
10111111010001000000000000000010
00010001000001000000000000000010
10000111001111010000000000000000
10000111001111010000000000000001
10111111011111010000000000000010
10111111010010010111000000000001
00010010010010011111111111111111
10110010010010010000000000000010
10100010010000000000000000000001
10100000000001100000011000010010
10100000000000000001111000000010
10110010010001000000000000000010
00010001000001000000000000000010
10000111000010010000000000000000
10000111000010010000000000000001
10110010010010010000000000000010
10110010011111010111000000000001
00011111011111011111111111111111
10111111011111010000000000000010
10101111010000000000000000000001
10100000000001100001000100010010
10100000000000000001011100000010
10110010010001000000000000000010
00010001000001000000000000000011
10000111000010010000000000000000
10000111000010010000000000000001
10000111000010010000000000000010
10110010010010010000000000000010
10110010011111010111000000000001
00011111011111011111111111111111
10111111011111010000000000000010
10101111010000000000000000000001
10100000000001100001110000010010
10100000000000000000111100000010
00000000000000000000000000000010
00000000000000000000000000000011
00000000000000000000000000000011
00000000000000000000000000000011
